flightHeight:47.09
1707 774 2022 871 2062 739 1747 642 Sedan 0 17.1
1243 1081 993 1075 990 1196 1240 1202 SUV 0 181.38
863 654 999 658 1000 607 864 603 MotorCycle 0 1.68
1567 834 1684 919 1716 875 1599 790 MotorCycle 0 36.32
1472 1053 1344 1045 1341 1092 1469 1100 MotorCycle 0 183.62
1503 1595 1503 1291 1367 1291 1367 1595 Sedan 0 270.0
1891 1133 1642 1124 1638 1250 1887 1259 SUV 0 181.88
1298 926 1384 1007 1423 967 1337 886 MotorCycle 0 43.68
2219 934 1867 946 1872 1073 2224 1061 PickUp 0 178.04
3759 1903 3697 1904 3705 2026 3767 2025 MotorCycle 0 270.0
3815 1970 3764 1971 3777 2111 3829 2109 MotorCycle 0 270.0
3573 2002 3532 2003 3538 2112 3579 2111 MotorCycle 0 270.0
3454 1939 3348 1946 3389 2151 3495 2145 SUV 0 250.0
2418 429 2670 429 2670 300 2418 300 Van 0 0.0
1659 1955 1690 2130 1799 2111 1768 1936 AutoRicksaw 0 79.9
2247 2069 2131 2046 2108 2159 2229 2159 Van 1 101.4
1764 1698 1789 1816 1844 1804 1819 1686 MotorCycle 0 77.9
1902 1497 1981 1324 1883 1280 1805 1453 AutoRicksaw 0 294.3
1217 320 1417 320 1417 202 1217 202 AutoRicksaw 0 0.0
3747 872 2935 908 2943 1099 3755 1062 Tanker 0 177.4
